{"type":"group","tags":[],"content":[{"type":"plan","tags":["color:#bababa"],"matrix":[0.9659632402995234,0,0.2586793737236215,0,0,1,0,0,-0.2586793737236215,0,0.9659632402995234,0,500,0,6,1,"1419/1469","0","-380/1469","500","0","1","0","0","380/1469","0","1419/1469","6","1"],"plan":{"type":"Box","history":[{"corner1":[20.5,20.5,0]},{"corner2":[-20.5,-20.5,0]}]},"content":[{"type":"graph","matrix":[0.9659632402995234,0,0.2586793737236215,0,0,1,0,0,-0.2586793737236215,0,0.9659632402995234,0,500,0,6,1,"1419/1469","0","-380/1469","500","0","1","0","0","380/1469","0","1419/1469","6","1"],"tags":["color:#bababa"],"graph":{"isClosed":true,"isEmpty":false,"isLazy":true,"provenance":"algorithm/cgal/fromSurfaceMeshToLazyGraph","serializedSurfaceMesh":"8\n-41/2 -41/2 0\n41/2 -41/2 0\n41/2 41/2 0\n-41/2 41/2 0\n-41/2 -41/2 10414/5\n41/2 -41/2 10414/5\n41/2 41/2 10414/5\n-41/2 41/2 10414/5\n\n12\n3 2 1 3\n3 7 4 6\n3 5 4 1\n3 0 1 4\n3 6 5 2\n3 1 2 5\n3 7 6 3\n3 2 3 6\n3 4 7 0\n3 3 0 7\n3 0 3 1\n3 5 6 4\n","hash":"gS/3wnhJ1fSxwBtI49qSD2M8L6LQ/8EFNjt0keUMwEM="},"hash":"HoWoak2pA8xZXv2QXzy+cRcqeJZHHLPAUDlzsHX6HLc="}],"hash":"P5bDglOGwRHcCBcpySFHZi6P7X+VGKQf8AhuQIhOpus="},{"type":"plan","tags":["color:#bababa"],"matrix":[0.9704554780467788,0,-0.2412802626179729,0,0,1,0,0,0.2412802626179729,0,0.9704554780467788,0,0,0,5,1,"2365/2437","0","588/2437","0","0","1","0","0","-588/2437","0","2365/2437","5","1"],"plan":{"type":"Box","history":[{"corner1":[20.5,20.5,0]},{"corner2":[-20.5,-20.5,0]}]},"content":[{"type":"graph","matrix":[0.9704554780467788,0,-0.2412802626179729,0,0,1,0,0,0.2412802626179729,0,0.9704554780467788,0,0,0,5,1,"2365/2437","0","588/2437","0","0","1","0","0","-588/2437","0","2365/2437","5","1"],"tags":["color:#bababa"],"graph":{"isClosed":true,"isEmpty":false,"isLazy":true,"provenance":"algorithm/cgal/fromSurfaceMeshToLazyGraph","serializedSurfaceMesh":"8\n-41/2 -41/2 0\n41/2 -41/2 0\n41/2 41/2 0\n-41/2 41/2 0\n-41/2 -41/2 4572/5\n41/2 -41/2 4572/5\n41/2 41/2 4572/5\n-41/2 41/2 4572/5\n\n12\n3 2 1 3\n3 7 4 6\n3 5 4 1\n3 0 1 4\n3 6 5 2\n3 1 2 5\n3 7 6 3\n3 2 3 6\n3 4 7 0\n3 3 0 7\n3 0 3 1\n3 5 6 4\n","hash":"nswbbqTkYCAgkFd8M51PWZLZ7BdOMSx54MQ4MuDie7E="},"hash":"eKYyQwefNj4FF82Vnarw4j5jNTzmHiys9+VULuCWQMA="}],"hash":"Juct/IfLaodFIq+iMwcHCtAxwCk1i0jNxz+/KPZzU/M="},{"type":"plan","tags":["color:#bababa"],"matrix":[0,0,-1,0,0,1,0,0,1,0,0,0,0,0,-20.5,1,"0","0","1","0","0","1","0","0","-1","0","0","-41/2","1"],"plan":{"type":"Box","history":[{"corner1":[20.5,20.5,0]},{"corner2":[-20.5,-20.5,0]}]},"content":[{"type":"graph","matrix":[0,0,-1,0,0,1,0,0,1,0,0,0,0,0,-20.5,1,"0","0","1","0","0","1","0","0","-1","0","0","-41/2","1"],"tags":["color:#bababa"],"graph":{"isClosed":true,"isEmpty":false,"isLazy":true,"provenance":"algorithm/cgal/fromSurfaceMeshToLazyGraph","serializedSurfaceMesh":"8\n-41/2 -41/2 0\n41/2 -41/2 0\n41/2 41/2 0\n-41/2 41/2 0\n-41/2 -41/2 2667/5\n41/2 -41/2 2667/5\n41/2 41/2 2667/5\n-41/2 41/2 2667/5\n\n12\n3 2 1 3\n3 7 4 6\n3 5 4 1\n3 0 1 4\n3 6 5 2\n3 1 2 5\n3 7 6 3\n3 2 3 6\n3 4 7 0\n3 3 0 7\n3 0 3 1\n3 5 6 4\n","hash":"xrNPX7eZBJ4fMR+pq1IINznwcx+3FUNznAPFvFHCDb4="},"hash":"cHxc0ztH/Ze59O3oZkXTRLU7/bzqgWGEtxsFo1Ql0VY="}],"hash":"+QhTZ9cdu13ohV+Fldf+Oblx7PNK3H8APRvBhWg0q2g="}],"hash":"QfnhBSwusOp3Pk2DtWO/lyMTamLDZyyriHWKvYhjN0k="}