{"type":"group","tags":[],"content":[{"type":"plan","tags":["color:#bababa","user:Bottom Left"],"matrix":[0.5743073047858942,0,-0.818639798488665,0,-0.818639798488665,0,-0.5743073047858942,0,0,1,0,0,70,-20,40,1,"228/397","-325/397","0","70","0","0","1","-20","-325/397","-228/397","0","40","1"],"plan":{"type":"Box","history":[{"corner1":[120,100,0]},{"corner2":[-120,-100,0]}]},"content":[{"type":"group","content":[],"tags":[],"hash":"+2+fhzJKHvxO21uc/KiRjakegq1PJ3te9Ed6UlK20nM="}],"hash":"snO62er43ErOPao/SJ8SosPTD2/p3lolfTPPT5/ut8k="},{"type":"plan","tags":["color:#bababa","user:Bottom Right"],"matrix":[0.5743073047858942,0,0.818639798488665,0,0.818639798488665,0,-0.5743073047858942,0,0,1,0,0,500,-20,40,1,"228/397","325/397","0","500","0","0","1","-20","325/397","-228/397","0","40","1"],"plan":{"type":"Box","history":[{"corner1":[120,100,0]},{"corner2":[-120,-100,0]}]},"content":[{"type":"graph","matrix":[0.5743073047858942,0,0.818639798488665,0,0.818639798488665,0,-0.5743073047858942,0,0,1,0,0,500,-20,40,1,"228/397","325/397","0","500","0","0","1","-20","325/397","-228/397","0","40","1"],"tags":["color:#bababa","color:#bababa","user:Bottom Right"],"graph":{"isClosed":true,"isEmpty":false,"isLazy":true,"provenance":"algorithm/cgal/fromSurfaceMeshToLazyGraph","serializedSurfaceMesh":"6\n-2471550/187781 57334435/1126686 40\n-7736/65 -100 0\n101257875/894064 -100 0\n101257875/894064 -100 40\n-2471550/187781 57334435/1126686 0\n-7736/65 -100 40\n\n8\n3 3 0 5\n3 4 2 1\n3 4 0 3\n3 3 1 2\n3 3 2 4\n3 5 1 3\n3 1 0 4\n3 5 0 1\n","hash":"uk43/zfSHhzu8O5vMGeCwpZmbphNdFyCpoWNiGqKw7I="},"hash":"Y1AH3rZCU6uBy6vBjdn1cSXfcNZIffdSTI7VyOmWEVU="}],"hash":"z6zGXClA5lMFo+2F/kxMErLX9+8YLZYCBnOp4WzdZHk="},{"type":"plan","tags":["color:#bababa","user:Top"],"matrix":[0.5743073047858942,0,-0.818639798488665,0,-0.818639798488665,0,-0.5743073047858942,0,0,1,0,0,70,-20,40,1,"228/397","-325/397","0","70","0","0","1","-20","-325/397","-228/397","0","40","1"],"plan":{"type":"Box","history":[{"corner1":[120,100,0]},{"corner2":[-120,-100,0]}]},"content":[{"type":"graph","matrix":[0.5743073047858942,0,-0.818639798488665,0,-0.818639798488665,0,-0.5743073047858942,0,0,1,0,0,70,-20,40,1,"228/397","-325/397","0","70","0","0","1","-20","-325/397","-228/397","0","40","1"],"tags":["color:#bababa","color:#bababa","user:Top"],"graph":{"isClosed":true,"isEmpty":false,"isLazy":true,"provenance":"algorithm/cgal/fromSurfaceMeshToLazyGraph","serializedSurfaceMesh":"8\n-120 -100 0\n-120 -100 40\n7736/65 -100 40\n-120 -8799399/88408 0\n-120 -8799399/88408 40\n11489/3176 819315/12704 0\n7736/65 -100 0\n11489/3176 819315/12704 40\n\n12\n3 5 4 7\n3 1 2 7\n3 1 0 6\n3 3 5 6\n3 3 6 0\n3 4 3 0\n3 1 7 4\n3 5 3 4\n3 1 4 0\n3 6 7 2\n3 5 7 6\n3 6 2 1\n","hash":"yZbgnKKYFLmPwbS013rzw84yTFHk/j6V2reAIkAUx48="},"hash":"ei9Vnfz6+pd28/J2nPg17fS+NhsOf+oVduFu+HRLxzw="}],"hash":"HunaaUI3m0fmvgIgetY1uUYhXIb5ovMD+ZjFKbT1DIE="},{"type":"plan","tags":["type:void","color:#bababa"],"matrix":[0.9659632402995234,0,0.2586793737236215,0,0,1,0,0,-0.2586793737236215,0,0.9659632402995234,0,660.6620149761742,0,-86.03131381892443,1,"1419/1469","0","-380/1469","1941025/2938","0","1","0","0","380/1469","0","1419/1469","-126380/1469","1"],"plan":{"type":"Box","history":[{"corner1":[100,20.5,0]},{"corner2":[-100,-20.5,0]}]},"content":[{"type":"graph","matrix":[0.9659632402995234,0,0.2586793737236215,0,0,1,0,0,-0.2586793737236215,0,0.9659632402995234,0,583.8679373723621,0,-106.59632402995234,1,"1419/1469","0","-380/1469","857702/1469","0","1","0","0","380/1469","0","1419/1469","-156590/1469","1"],"tags":["type:void","color:#bababa"],"graph":{"isClosed":true,"isEmpty":false,"isLazy":true,"provenance":"algorithm/cgal/fromSurfaceMeshToLazyGraph","serializedSurfaceMesh":"22\n359/2 -41/2 0\n359/2 41/2 0\n-41/2 -41/2 11414/5\n359/2 -41/2 11414/5\n359/2 41/2 11414/5\n-41/2 41/2 11414/5\n46391196/1358825 41/2 2992059231/2717650\n-41/2 41/2 10914/5\n-41/2 -41/2 10914/5\n41/2 -41/2 10914/5\n41/2 41/2 10914/5\n121271/2365 -41/2 0\n41/2 41/2 49600/473\n41/2 41/2 319143705/295526\n41/2 -41/2 506259817/456168\n41/2 41/2 506259817/456168\n41/2 -41/2 49600/473\n46391196/1358825 -41/2 2992059231/2717650\n553963/7345 -41/2 132438/1469\n121271/2365 41/2 0\n553963/7345 41/2 132438/1469\n41/2 -41/2 319143705/295526\n\n40\n3 1 0 19\n3 2 4 5\n3 3 1 4\n3 1 3 0\n3 8 2 5\n3 4 2 3\n3 7 8 5\n3 10 4 1\n3 13 20 12\n3 10 5 4\n3 10 7 5\n3 9 8 10\n3 9 2 8\n3 7 10 8\n3 9 3 2\n3 0 3 9\n3 17 14 6\n3 9 10 14\n3 20 1 19\n3 6 1 13\n3 15 10 6\n3 15 14 10\n3 13 21 17\n3 6 10 1\n3 17 21 0\n3 20 16 12\n3 17 6 13\n3 0 9 17\n3 17 9 14\n3 18 11 0\n3 19 11 18\n3 12 16 21\n3 18 16 20\n3 20 19 18\n3 0 21 18\n3 21 16 18\n3 20 13 1\n3 15 6 14\n3 13 12 21\n3 19 0 11\n","hash":"WX4gME2HSN/M7Lq9I13czMHbHV86uhDTGEqI2Dm1Iwk="},"hash":"6kR5fg7JZzLmzRXexdAItn3oM1z1Ndc8JjNeeNsBw4o="}],"hash":"pdOMbkSJoTY991j3nEaXXJaIa/Wscf7euFnror6hKTg="},{"type":"plan","tags":["color:#bababa"],"matrix":[0.9659632402995234,0,0.2586793737236215,0,0,1,0,0,-0.2586793737236215,0,0.9659632402995234,0,558,0,-10,1,"1419/1469","0","-380/1469","558","0","1","0","0","380/1469","0","1419/1469","-10","1"],"plan":{"type":"Box","history":[{"corner1":[20.5,20.5,0]},{"corner2":[-20.5,-20.5,0]}]},"content":[{"type":"graph","matrix":[0.9659632402995234,0,0.2586793737236215,0,0,1,0,0,-0.2586793737236215,0,0.9659632402995234,0,558,0,-10,1,"1419/1469","0","-380/1469","558","0","1","0","0","380/1469","0","1419/1469","-10","1"],"tags":["color:#bababa"],"graph":{"isClosed":true,"isEmpty":false,"isLazy":true,"provenance":"algorithm/cgal/fromSurfaceMeshToLazyGraph","serializedSurfaceMesh":"16\n-41/2 -41/2 10414/5\n41/2 -41/2 10414/5\n41/2 41/2 10414/5\n-41/2 41/2 10414/5\n41/2 -41/2 460643017/456168\n41/2 -41/2 289591105/295526\n41/2 41/2 460643017/456168\n41/2 41/2 289591105/295526\n-41/2 41/2 22480/1419\n-41/2 41/2 472759583/456168\n-41/2 41/2 270888217/295526\n-41/2 -41/2 472759583/456168\n41/2 41/2 2300/473\n41/2 -41/2 2300/473\n-41/2 -41/2 22480/1419\n-41/2 -41/2 270888217/295526\n\n24\n3 0 2 3\n3 1 0 4\n3 2 1 4\n3 0 3 11\n3 2 0 1\n3 8 7 12\n3 2 6 9\n3 13 12 5\n3 8 14 15\n3 15 13 5\n3 7 5 12\n3 4 6 2\n3 8 10 7\n3 5 7 10\n3 5 10 15\n3 15 14 13\n3 2 9 3\n3 15 10 8\n3 14 12 13\n3 4 0 11\n3 11 3 9\n3 11 9 6\n3 11 6 4\n3 8 12 14\n","hash":"XxiKsxQdQsWypDya1bFHzHD+E4qXES2XL3XEC4BVCCk="},"hash":"SSpyq8nrSYkWNGhOTWlALWMqTQXS7pfI3PAxlXNpeYo="}],"hash":"wrFn7h/Z8BSLHlJo/nQkxUoxuICr5+/hq8ihX8il0jE="},{"type":"plan","tags":["type:void","color:#bababa"],"matrix":[-0.9513513513513513,0,0.30810810810810807,0,0,-1,0,0,0.30810810810810807,0,0.9513513513513513,0,-106.44324324324323,0,-63.640540540540535,1,"-176/185","0","57/185","-19692/185","0","-1","0","0","57/185","0","176/185","-23547/370","1"],"plan":{"type":"Box","history":[{"corner1":[100,20.5,0]},{"corner2":[-100,-20.5,0]}]},"content":[{"type":"graph","matrix":[-0.9513513513513513,0,0.30810810810810807,0,0,-1,0,0,0.30810810810810807,0,0.9513513513513513,0,-30.81081081081081,0,-88.13513513513513,1,"-176/185","0","57/185","-1140/37","0","-1","0","0","57/185","0","176/185","-3261/37","1"],"tags":["type:void","color:#bababa"],"graph":{"isClosed":true,"isEmpty":false,"isLazy":true,"provenance":"algorithm/cgal/fromSurfaceMeshToLazyGraph","serializedSurfaceMesh":"20\n359/2 -41/2 0\n359/2 41/2 0\n-41/2 -41/2 5572/5\n359/2 -41/2 5572/5\n359/2 41/2 5572/5\n-41/2 41/2 5572/5\n-41/2 -41/2 100\n41/2 41/2 5072/5\n-41/2 41/2 100\n-41/2 41/2 5072/5\n-41/2 -41/2 5072/5\n41/2 -41/2 5072/5\n41/2 41/2 100\n41/2 -41/2 100\n800/11 -41/2 0\n17201/185 -41/2 11568/185\n800/11 41/2 0\n-41/2 -41/2 3177/32\n17201/185 41/2 11568/185\n-41/2 41/2 3177/32\n\n36\n3 1 0 16\n3 2 4 5\n3 8 19 17\n3 3 1 4\n3 1 3 0\n3 10 2 5\n3 4 2 3\n3 6 13 8\n3 9 10 5\n3 8 13 12\n3 11 12 13\n3 7 4 1\n3 7 5 4\n3 7 9 5\n3 10 7 11\n3 18 19 8\n3 11 2 10\n3 12 11 7\n3 9 7 10\n3 11 3 2\n3 3 11 0\n3 18 16 15\n3 14 0 15\n3 17 15 13\n3 14 16 0\n3 6 8 17\n3 12 7 18\n3 7 1 18\n3 18 1 16\n3 13 6 17\n3 13 15 11\n3 0 11 15\n3 12 18 8\n3 14 15 16\n3 18 15 19\n3 15 17 19\n","hash":"6hVYK7tacKjzMAn8FbCanW1MgCWGraciPv/FbMPsg/o="},"hash":"s9ePKhZyAu+VvzMU4t6GnidZG1CpZCtk1Ba1TWVHkpI="}],"hash":"6R/n+F22Ej4+csvCe58qWNmUGoqu2b/V4wDulH9Vrjk="},{"type":"plan","tags":["color:#bababa"],"matrix":[-0.9513513513513513,0,0.30810810810810807,0,0,-1,0,0,0.30810810810810807,0,0.9513513513513513,0,0,0,7,1,"-176/185","0","57/185","0","0","-1","0","0","57/185","0","176/185","7","1"],"plan":{"type":"Box","history":[{"corner1":[20.5,20.5,0]},{"corner2":[-20.5,-20.5,0]}]},"content":[{"type":"graph","matrix":[-0.9513513513513513,0,0.30810810810810807,0,0,-1,0,0,0.30810810810810807,0,0.9513513513513513,0,0,0,7,1,"-176/185","0","57/185","0","0","-1","0","0","57/185","0","176/185","7","1"],"tags":["color:#bababa"],"graph":{"isClosed":true,"isEmpty":false,"isLazy":true,"provenance":"algorithm/cgal/fromSurfaceMeshToLazyGraph","serializedSurfaceMesh":"8\n-41/2 -41/2 0\n41/2 -41/2 0\n41/2 41/2 0\n-41/2 41/2 0\n-41/2 -41/2 4572/5\n41/2 -41/2 4572/5\n41/2 41/2 4572/5\n-41/2 41/2 4572/5\n\n12\n3 1 3 2\n3 4 6 7\n3 4 1 5\n3 1 4 0\n3 5 2 6\n3 2 5 1\n3 6 3 7\n3 3 6 2\n3 7 0 4\n3 0 7 3\n3 3 1 0\n3 6 4 5\n","hash":"NSnsB+9+0gTBn71CnsMzGPMVxi7O433L7iq+np9djY4="},"hash":"DzyeMhQU1k+nt7AqRk6HjC9ioNf0MUPNNvVp+n3DRH4="}],"hash":"2x1ahOehOSsKawNov2gfHWDZUJR7hTybtFFvahf/D6M="},{"type":"plan","tags":["type:void","color:#bababa"],"matrix":[0,0,-1,0,0,1,0,0,1,0,0,0,-100,0,-100,1,"0","0","1","-100","0","1","0","0","-1","0","0","-100","1"],"plan":{"type":"Box","history":[{"corner1":[100,20.5,0]},{"corner2":[-100,-20.5,0]}]},"content":[{"type":"graph","matrix":[0,0,-1,0,0,1,0,0,1,0,0,0,-100,0,-20.5,1,"0","0","1","-100","0","1","0","0","-1","0","0","-41/2","1"],"tags":["type:void","color:#bababa"],"graph":{"isClosed":true,"isEmpty":false,"isLazy":true,"provenance":"algorithm/cgal/fromSurfaceMeshToLazyGraph","serializedSurfaceMesh":"16\n-41/2 -41/2 0\n359/2 -41/2 0\n359/2 41/2 0\n-41/2 41/2 0\n-41/2 -41/2 3667/5\n359/2 -41/2 3667/5\n359/2 41/2 3667/5\n-41/2 41/2 3667/5\n-41/2 -41/2 100\n41/2 41/2 3167/5\n-41/2 41/2 100\n-41/2 41/2 3167/5\n-41/2 -41/2 3167/5\n41/2 -41/2 3167/5\n41/2 41/2 100\n41/2 -41/2 100\n\n28\n3 1 3 2\n3 4 6 7\n3 1 13 15\n3 5 2 6\n3 2 5 1\n3 10 14 3\n3 12 4 7\n3 8 3 0\n3 3 1 0\n3 6 4 5\n3 8 15 10\n3 11 12 7\n3 10 3 8\n3 10 15 14\n3 13 14 15\n3 2 3 14\n3 9 6 2\n3 2 14 9\n3 9 7 6\n3 9 11 7\n3 12 9 13\n3 1 15 0\n3 13 4 12\n3 8 0 15\n3 14 13 9\n3 11 9 12\n3 13 5 4\n3 5 13 1\n","hash":"829swsus9ZE2nG52RNM507rvZnISrlXV4Lj5MwWZFCI="},"hash":"V6+04CwPSzRVoZ+aZs5RQeDrGAXamRh0gH2QYCe6Bg0="}],"hash":"7XJLX+rlQ0zMO1Zxo/u2yF49zcyss2OgAFwLl8Tmr54="},{"type":"plan","tags":["color:#bababa"],"matrix":[0,0,-1,0,0,1,0,0,1,0,0,0,0,0,-20.5,1,"0","0","1","0","0","1","0","0","-1","0","0","-41/2","1"],"plan":{"type":"Box","history":[{"corner1":[20.5,20.5,0]},{"corner2":[-20.5,-20.5,0]}]},"content":[{"type":"graph","matrix":[0,0,-1,0,0,1,0,0,1,0,0,0,0,0,-20.5,1,"0","0","1","0","0","1","0","0","-1","0","0","-41/2","1"],"tags":["color:#bababa"],"graph":{"isClosed":true,"isEmpty":false,"isLazy":true,"provenance":"algorithm/cgal/fromSurfaceMeshToLazyGraph","serializedSurfaceMesh":"8\n-41/2 -41/2 0\n41/2 -41/2 0\n41/2 41/2 0\n-41/2 41/2 0\n-41/2 -41/2 2667/5\n41/2 -41/2 2667/5\n41/2 41/2 2667/5\n-41/2 41/2 2667/5\n\n12\n3 1 3 2\n3 4 6 7\n3 4 1 5\n3 1 4 0\n3 5 2 6\n3 2 5 1\n3 6 3 7\n3 3 6 2\n3 7 0 4\n3 0 7 3\n3 3 1 0\n3 6 4 5\n","hash":"okj1Qe8fkN8TnQR0cSEDUyqt9OSGWB4BckuJUlLnVCM="},"hash":"dLAEGkihD6RF6nEU/L0X1iXs9TneRN5vWijD9IHqFTQ="}],"hash":"fwUIgE2VMUkFedYgoXlzHErego9es6/qIHarhWQ9zP0="}],"hash":"bkqR+lxpZ6DOGgSln4sqioNFXCI7opRpLpoytup8NZo="}