{"type":"group","tags":[],"content":[{"type":"plan","tags":["color:#bababa"],"matrix":[0.9659632402995234,0,0.2586793737236215,0,0,1,0,0,-0.2586793737236215,0,0.9659632402995234,0,558,0,-10,1,"1419/1469","0","-380/1469","558","0","1","0","0","380/1469","0","1419/1469","-10","1"],"plan":{"type":"Box","history":[{"corner1":[20.5,20.5,0]},{"corner2":[-20.5,-20.5,0]}]},"content":[{"type":"graph","matrix":[0.9659632402995234,0,0.2586793737236215,0,0,1,0,0,-0.2586793737236215,0,0.9659632402995234,0,558,0,-10,1,"1419/1469","0","-380/1469","558","0","1","0","0","380/1469","0","1419/1469","-10","1"],"tags":["color:#bababa"],"graph":{"isClosed":true,"isEmpty":false,"isLazy":true,"provenance":"algorithm/cgal/fromSurfaceMeshToLazyGraph","serializedSurfaceMesh":"14\n-41/2 -41/2 0\n41/2 -41/2 0\n41/2 41/2 0\n-41/2 41/2 0\n-41/2 -41/2 10414/5\n41/2 -41/2 10414/5\n41/2 41/2 10414/5\n-41/2 41/2 10414/5\n-41/2 41/2 270888217/295526\n-41/2 -41/2 139468861/152056\n-41/2 -41/2 270888217/295526\n-41/2 41/2 139468861/152056\n-27490304/1358825 41/2 2492210231/2717650\n-27490304/1358825 -41/2 2492210231/2717650\n\n24\n3 2 1 3\n3 7 4 6\n3 5 4 1\n3 6 5 2\n3 1 2 5\n3 2 3 6\n3 7 11 4\n3 0 8 3\n3 0 3 1\n3 5 6 4\n3 9 11 13\n3 10 8 0\n3 12 8 13\n3 11 9 4\n3 10 13 8\n3 13 11 12\n3 11 6 12\n3 6 11 7\n3 3 12 6\n3 3 8 12\n3 10 1 13\n3 0 1 10\n3 4 13 1\n3 4 9 13\n","hash":"wdKG1Ylbd4oPZ0Vkky8mU38eEUPPtbPSnv+zd+lSyCA="},"hash":"dMVUeI+aWeFo4qwdeIWrHAlpgg7+X+3RXLN6FhkbVRM="}],"hash":"PUlwaahmeoZCXmY8izNWiMdWYrwbrKBY2GyTC4shJrY="},{"type":"plan","tags":["color:#bababa"],"matrix":[0.9513513513513513,0,-0.30810810810810807,0,0,1,0,0,0.30810810810810807,0,0.9513513513513513,0,0,0,7,1,"176/185","0","57/185","0","0","1","0","0","-57/185","0","176/185","7","1"],"plan":{"type":"Box","history":[{"corner1":[20.5,20.5,0]},{"corner2":[-20.5,-20.5,0]}]},"content":[{"type":"graph","matrix":[0.9513513513513513,0,-0.30810810810810807,0,0,1,0,0,0.30810810810810807,0,0.9513513513513513,0,0,0,7,1,"176/185","0","57/185","0","0","1","0","0","-57/185","0","176/185","7","1"],"tags":["color:#bababa"],"graph":{"isClosed":true,"isEmpty":false,"isLazy":true,"provenance":"algorithm/cgal/fromSurfaceMeshToLazyGraph","serializedSurfaceMesh":"8\n-41/2 -41/2 0\n41/2 -41/2 0\n41/2 41/2 0\n-41/2 41/2 0\n-41/2 -41/2 4572/5\n41/2 -41/2 4572/5\n41/2 41/2 4572/5\n-41/2 41/2 4572/5\n\n12\n3 2 1 3\n3 7 4 6\n3 5 4 1\n3 0 1 4\n3 6 5 2\n3 1 2 5\n3 7 6 3\n3 2 3 6\n3 4 7 0\n3 3 0 7\n3 0 3 1\n3 5 6 4\n","hash":"nswbbqTkYCAgkFd8M51PWZLZ7BdOMSx54MQ4MuDie7E="},"hash":"vjsLtIOxCt8Z8xr2/kucylaU7fBoB+qIUj0Q1Gl6Cp0="}],"hash":"rXAfciL18LJTrFF1J7CWjfUyvev4wdF7Jy5ersSQG9s="},{"type":"plan","tags":["color:#bababa"],"matrix":[0,0,-1,0,0,1,0,0,1,0,0,0,0,0,-20.5,1,"0","0","1","0","0","1","0","0","-1","0","0","-41/2","1"],"plan":{"type":"Box","history":[{"corner1":[20.5,20.5,0]},{"corner2":[-20.5,-20.5,0]}]},"content":[{"type":"graph","matrix":[0,0,-1,0,0,1,0,0,1,0,0,0,0,0,-20.5,1,"0","0","1","0","0","1","0","0","-1","0","0","-41/2","1"],"tags":["color:#bababa"],"graph":{"isClosed":true,"isEmpty":false,"isLazy":true,"provenance":"algorithm/cgal/fromSurfaceMeshToLazyGraph","serializedSurfaceMesh":"8\n-41/2 -41/2 0\n41/2 -41/2 0\n41/2 41/2 0\n-41/2 41/2 0\n-41/2 -41/2 2667/5\n41/2 -41/2 2667/5\n41/2 41/2 2667/5\n-41/2 41/2 2667/5\n\n12\n3 2 1 3\n3 7 4 6\n3 5 4 1\n3 0 1 4\n3 6 5 2\n3 1 2 5\n3 7 6 3\n3 2 3 6\n3 4 7 0\n3 3 0 7\n3 0 3 1\n3 5 6 4\n","hash":"xrNPX7eZBJ4fMR+pq1IINznwcx+3FUNznAPFvFHCDb4="},"hash":"cHxc0ztH/Ze59O3oZkXTRLU7/bzqgWGEtxsFo1Ql0VY="}],"hash":"+QhTZ9cdu13ohV+Fldf+Oblx7PNK3H8APRvBhWg0q2g="}],"hash":"52PuUj4UEV/CJGgCOuwKuwf6T20T3fVjc6nM/JXR2Z8="}